11.769999999999982
-43.76999999999998
-12.5
-14.620000000000005
-11.199999999999989
-1.589999999999975
-18.439999999999998
-4.1299999999999955
-2.8000000000000114
-7.5800000000000125
-18.900000000000006
-27.689999999999998
-3.4799999999999898
-7.159999999999997
9.22999999999999
-7.219999999999999
21.75999999999999
12.620000000000005
-3.8799999999999955
19.730000000000004
-8.350000000000023
-5.329999999999984
29.22
-8.689999999999998
88.0
7.8799999999999955
-14.129999999999995
58.00999999999999
-33.860000000000014
-13.340000000000003
1.8400000000000034
-13.439999999999998
-4.139999999999986
-11.469999999999999
22.549999999999983
-6.639999999999986
2.329999999999984
-1.539999999999992
0.5599999999999739
-0.7199999999999989
-5.579999999999984
-3.3899999999999864
-5.490000000000009
-5.029999999999987
29.930000000000007
91.05000000000001
-23.779999999999973
-24.200000000000017
-21.44999999999999
19.099999999999994
34.19
-24.019999999999982
3.009999999999991
-3.289999999999992
17.67999999999998
-14.97999999999999
0.37999999999999545
10.360000000000014
-0.0800000000000125
143.42000000000002
-19.810000000000002
-17.180000000000007
-7.140000000000043
-27.379999999999995
-8.329999999999984
1.009999999999991
-10.149999999999977
18.480000000000018
51.79000000000002
25.639999999999986
-12.32000000000005
26.789999999999964
474.40999999999997
31.779999999999973
-42.99000000000001
-41.59999999999991
341.1600000000001
-140.05999999999995
222.02999999999997
-54.569999999999936
364.9000000000001
80.19000000000005
-242.51999999999998
1320.5099999999998
-559.3999999999996
-120.75999999999976
-191.64000000000033
14.230000000000018
1053.2199999999998
-204.07000000000016
-33.89000000000033
-58.08000000000038
-88.86999999999989
-349.21000000000004
-104.46000000000004
195.36000000000013
408.6500000000001
299.97000000000025
-153.27999999999975
-491.3000000000002
-367.12000000000035
31.769999999999982
-94.04999999999973
-216.0899999999997
-365.1400000000003
-197.28999999999996
376.52999999999975
-237.69000000000005
-189.8699999999999
Total profit is 888.8799999999997